100
0.0 -1.1722197263402006 -0.13037141992354798 0.3658418013488018 -0.7159809390139713 0.4718283372331992 -0.1773878661907263 -0.7928214301878419 -1.567580961087785 0.3323754556770243 -0.85991267055691 -0.5779752168303739 -0.7560023779572027 0.27715524700234156 0.3075998181822565 1.1901728947193742 1.032155306562138 -0.47504709508093096 1.0674802010903395 -1.0933438754098934 0.11177206308426606 -0.7404521283245942 -0.3829830753025464 1.2458005808730293 -0.8560248530534397 -0.7528832152824362 -2.08772347647927 0.2515214057450747 0.4135422987569527 -0.779069836653715 1.4134691038975091 -0.24907941250474047 1.5760128824186936 -0.8594797048131645 0.5816011951516856 -0.23288808605761524 -0.20034447207632902 -1.2656735987065055 -0.6890944996828011 0.17195259229245374 1.1856148075579658 -0.17680919486809335 2.0739530895570693 -0.400926243178134 -0.047699966845995985 1.2124781958285247 -0.8741277873241063 0.3295935367662456 0.3841826421365525 0.279381622746094 0.19855425503035903 -0.9453298162166165 1.2597972862079154 -0.08644493033238786 -0.11316184571943061 0.46834898818733134 -0.6352939724402744 -0.9897766703388123 -0.884959021873306 -0.6129196596868074 0.4568012159798417 0.5812263187864696 -0.2736600985719321 -0.24349785098221988 -0.16708917245859675 3.9689106970305383 -0.5670640973293297 1.0761773968070893 -0.028441687407976958 -0.23655096588559682 -2.195839647876085 0.9297830572835066 -1.6832708030910235 -1.0825234299174715 1.4872710002293001 -2.7130352711426764 0.45030645315680046 -0.9589555286512546 0.10232903661998825 -1.4966333404473275 -1.2153327904723585 1.0379612221563193 -0.0037067133550819486 0.6591269181337381 -0.34181380273338824 -0.8907999899019488 0.31362899909861613 0.42648828224262947 0.055373548891613056 2.2501230875294054 0.3549859384390983 0.5625131879309878 -0.056232828654038926 0.9839436238641709 -0.9555165544770405 0.2252104442957544 0.47275872712656436 -2.7681155296664146 0.26548098385985236 1.0040694459269217 
-1.1722197263402006 0.0 -0.001363611255771384 -0.6059036548423324 0.3239085863111654 -1.5189266911887858 -0.5261855005999299 0.9792274795288964 -0.16539041975106702 0.7143123291507423 -0.9635120712591727 1.7304401446789277 0.08683771786557519 2.2023839975783477 0.658066517435114 -0.5386181046271477 0.8225529614046226 1.2744839537659425 0.696209225666296 0.5752821309144496 -1.0839144890570558 -0.5304980246557497 1.897705672973597 0.2808169062207148 -0.5208203159872351 0.6441519793855118 -2.179656406676895 1.6885692072618055 -0.14525745700324236 2.3022172630989006 -0.36716237246684713 1.604476457553529 -0.5104211121791847 0.4682503809983024 1.0768974547652999 0.09040951878261458 -0.14873756646301525 0.8346458638838761 0.2581646109308448 1.1124393323443267 -0.40784498031884786 1.941605809116076 -0.49955556521254557 -1.4978545658487405 0.1331925217315578 -1.560019061186669 -0.0664666074059209 0.495715322264717 0.5165416690564384 0.3449024971924933 -0.6926658444950348 0.1044969561170961 0.8588553547413338 -0.18410781091326536 0.14311563095964167 -0.6957264660793998 -0.16056425365940594 1.5986300203261374 -0.2197111029038236 -1.579751303695293 1.5977081952275853 -0.17148928172974084 2.042987276336838 -0.1862859521769713 -0.14652652546555095 2.0081835878130323 0.8045483897211299 -1.2146976831902763 -1.2306350508946173 0.602719760369254 -1.3924930339854353 -1.2470848382291582 0.16427580350185825 -1.2736045090755492 0.3953507142854978 -0.2732889417080975 0.3990669218099952 0.16466758766845377 2.8953981194384073 -1.5496239782746417 0.5281679149860024 -0.009601777910285667 0.0727400011225352 -0.986344053337012 2.4457699968871753 -1.1513954535444695 0.8828561352014281 1.143557679904802 0.7505893392833346 0.16404655858826556 -0.8135444360227378 0.9780582949353701 -1.5543766702029658 1.2178842360168627 -0.1930260818761653 0.5037503025580353 0.8341544609884113 1.1467597057301924 1.0865544195983352 -0.8903005204964828 
-0.13037141992354798 -0.001363611255771384 0.0 0.4372837642612108 1.4376699804901927 0.23336439407490067 -0.4408707225103158 -0.996934389108671 -0.18323822944339466 -0.2106714010288604 1.3837084192391715 1.016512342199686 -1.3679407818216511 -0.6669126633794449 -0.39204353524879804 0.8277993908872869 0.030004932638297108 -0.3221755548284979 1.286716347547284 -1.5925124723168946 -1.3122037173208823 0.7580886781043176 -0.15018343146813765 -0.5282496971769028 1.0778587441123992 0.19628534846462675 0.5241416927191527 2.1540557213608578 -0.673217955798721 0.9476930219973896 0.24617147393237684 -0.517249119929792 0.43120569242419615 -0.2229422090752953 -0.9817905663632612 1.0805952692829202 1.538192256451412 -0.2835278073195596 0.006714582139674777 -0.5689419340962918 -0.8186722778193551 1.7189058764011418 -1.346666747807728 -0.3986408731385903 -0.1855233862839758 -0.4761234491812904 -0.9953065593649046 0.9953607444338352 0.18629141648365813 1.7216930079505228 -1.0821661503064584 -0.03166519328690307 1.2681873663998546 1.5839981967608139 0.10141550452652594 0.7067662294079279 -0.8476263541334844 0.41519697500973146 2.3643869033027456 0.6402882437967949 -0.9813811663649392 0.5764542842257451 -1.2797002203573182 1.153515189380495 -1.1293703734331142 0.13547071274494063 0.47267615007682395 -1.537672270283603 -0.4417469056705246 0.4347805728554624 -1.0828515835908585 0.07953796070688561 -0.21045730216373373 0.28033573873622203 0.2851072807470983 -1.0194130542835906 -0.24449287001598702 -0.10484019546228701 -1.0274219134954314 -0.6484460513814442 0.531146422698091 -0.7024592761924566 -0.380338827821677 0.8669609821350851 1.4837606008896327 0.19591387655308048 -1.7936049370796625 -1.752321127509443 0.016035952895771987 0.2644937199827915 0.6533296233899565 0.4306185442232118 -1.1347119353099437 -1.5339688810049634 -1.0471756885074557 -0.32217574226381795 -0.4930967400664428 0.03537082887295431 1.174215507097817 0.10220701468122519 
0.3658418013488018 -0.6059036548423324 0.4372837642612108 0.0 -0.009213821385003308 -2.054392840301732 1.515500320537747 0.5617095248330402 -0.6412772582110697 1.4019945677506522 1.9285872783226317 -0.5722481754740668 0.7274747268706352 -2.3530283040091224 -1.4494254723459938 0.5439883584248049 -1.7033417846140566 -1.445878483612886 -0.6092451115150358 -1.114389360972144 0.28009514568022514 -0.6130880877682133 -0.6698525429710925 0.43870350147928017 1.9015518602361088 0.3544712501745006 -2.687782899011125 -1.025170572671718 1.0353754966375606 -1.6401581732675565 -0.7479108039473472 -2.9465928592708526 0.16059615226026355 0.07149134074211784 0.2103889615639174 0.543715771623742 -1.0111062812162828 -0.33818827111919947 0.31477385540109054 1.4558467012322145 0.5813659561741085 0.6283744457678757 0.1627226295948501 -0.9860318999335174 1.5649579853375548 2.0166445124579373 0.32237707109140973 2.0257571877654046 -0.7574701241717976 0.4086088518105113 0.9447039153195842 -0.9516939799448795 -0.756835834144706 -0.5978555235291371 0.7418742301626989 0.8752190368396412 0.5107627687629174 -0.8863142356980176 -0.8283656309643228 0.5396025236672167 0.9694474380692957 -1.512048783312774 0.49096971025467884 -0.9732323654372851 1.9610092844194285 0.4124414129491547 -0.7872318869725111 1.2586149598937093 -0.16714885816195352 0.5994834076368604 1.9327382070149068 -2.517564885616858 -0.9837595407825624 1.126754661156796 1.879985130522125 1.5702109050707036 0.1069199276461412 0.1443373337146472 -0.7019841204310723 -0.4067455667477854 -0.40749255996733896 -1.3624447433389724 1.5560863250942165 0.3830469684577357 -1.733295627483123 -0.7200807921364321 -1.1616146483130487 0.2708202013975176 1.7710281524528342 0.544381924801915 -0.7444866642956346 2.176233575186285 1.2466748248765105 -1.600338398264904 -0.015652827067263564 0.4389937150572883 -1.0643904333285557 -1.699266513262801 -0.23961422894210782 1.132206554367757 
-0.7159809390139713 0.3239085863111654 1.4376699804901927 -0.009213821385003308 0.0 1.9376891167068668 -0.8308943211357114 1.184847416167389 -0.8161963406724656 -0.05424276247628107 -1.2605811973361263 -0.6938787048931759 1.2366408320028683 0.410227956674792 -0.02838378998001929 2.172404443286671 -1.0702000278595203 0.03431416985859222 -0.20654182763472995 -0.4119401839342067 2.587471538245338 1.2703914483084648 0.2910500362119765 -0.10969086956557685 0.3377229005910502 -0.06984747428410179 1.4946908507015537 1.3252592788845965 0.28229105816180633 -1.3556044438272241 0.23674471581163378 0.055519961727153115 -0.6416130207860752 0.16775247164732998 -0.3342787447012576 -0.3955475974565749 0.8317856403833748 0.1077271483728865 -1.134108414926368 0.9315453573542122 1.5493445114320725 1.2138548453981437 -0.5995327035337298 0.9183960252730969 -1.3604220217790601 1.2706760245452449 -0.986097278358608 1.0512317079751983 0.10893739278219346 -0.7002919569905938 1.1452764077066584 0.27757421419172734 -1.0178347231608245 -3.301152020656502 -1.0494928609854626 -0.38088032546531264 0.2544551583311553 1.1738000798584285 0.5491672617278335 -0.26040363007458506 1.0897715844700764 0.2822157776610565 0.9534295355700512 -0.1454252992872561 0.0987835532374488 0.10652551030064454 0.11820664836198594 -1.480356852229284 -0.23969151323132445 -0.4970679943508957 -0.25875422191713254 0.5379731947253432 2.184874907071179 2.4211129155265745 -0.33750516196515407 1.3193482929018332 1.4499156365449535 -1.1877542810210564 -0.5771036043454235 -0.029581025688488475 -0.3147711497999371 0.8346696897665224 0.053599373849883294 -0.7994131422528551 0.36286642843273476 1.4910392194267934 -0.41163845231759943 -1.1221623933264395 -0.07164591975642783 0.5776497910595498 0.8977211055937934 0.2667268979623966 0.4185612820756562 1.5896229038813243 1.633965901510068 -0.001086187890313004 0.15291847560689498 -0.00042179693224577287 -1.4466257401497744 2.745960797263893 
0.4718283372331992 -1.5189266911887858 0.23336439407490067 -2.054392840301732 1.9376891167068668 0.0 -0.3336777495100151 -1.0294392350775936 -0.27757595288505243 1.4365038080527233 0.299207207474837 -1.079060205709062 0.26699093065599366 -0.31170343540341755 -0.11894805055977006 -1.6271846665858423 0.696425254679348 0.5547265798965393 -0.899068709863343 -1.1624159029544885 0.5794482243536387 -0.8874991096909833 0.40192515633684 0.6543487870861973 0.6433780657631151 1.4034327383818086 -0.6363163911715968 -0.9649132134331101 0.3544661918797815 -0.7925396237115554 1.98713856155739 0.82161859989423 -0.08762859964156167 1.109231839981927 1.0229725519397668 -0.15288601413648664 0.32005705708493615 1.0580430875783569 0.3257160379140972 0.9273166821795034 -0.9162612609738356 -0.46484477301107235 0.0724208484380003 1.4541665999403677 0.15312834486163432 0.3168907843968613 1.841812488848109 -1.170324224015734 -0.3973058528592188 -1.3230191370621165 -0.05654256135383666 0.5255504024005486 -0.8603551645806139 -0.551422681123914 1.8695636779749891 -0.7155608899304937 1.9674457228214444 0.38366263122709676 -1.3953211933323766 -0.17782715030288188 0.31173022778116344 2.1304369879944365 0.6934619625047094 0.9627919059728096 -2.0670824479158467 -1.5821455489552536 0.423938161361547 -2.2338885517184104 1.2852893808412038 -0.5112287160714667 0.5677503334030384 -1.2632418116912003 -0.7924697272841135 -0.6506746466116897 -1.2560252176927396 0.6182309864625516 -0.6095913533899086 -0.2253994251945853 0.04711598540148161 0.5539894530910696 -2.444048836543065 0.1052011183489506 0.8283497972141832 -0.3734218431869132 -0.598523764612272 0.4636306779264828 0.8473789803810486 -1.3250831027806524 0.5462067865841663 -1.744071411563155 -1.6115043208280304 0.7465627547756537 -0.2686944736814218 1.026510301443172 0.11604636319553088 -1.8943542064228112 0.6998398446879681 0.292165390124157 -1.0907469262076928 0.26375701476773866 
-0.1773878661907263 -0.5261855005999299 -0.4408707225103158 1.515500320537747 -0.8308943211357114 -0.3336777495100151 0.0 1.473469064154421 1.8107171343421444 0.8369148802622527 -0.03080784835382508 -0.48671164588202914 0.40456140711529276 -0.08224162434045537 -0.11889189083818734 -0.9823038753160126 -1.0084844742249721 -0.8162186066656437 -0.7520247008252909 -1.5558467765941772 1.6809971316657226 -0.8243323295981669 -0.44905132419650695 0.5773453433262741 1.7766841116750847 1.7565619539581803 -1.4517336558537342 -0.049561311107081035 -0.7332933742813897 -0.15674110228107271 1.273456763966574 0.6087928612081687 -0.2617423039027779 -0.9219839402239377 -0.04645114598654499 1.000574929233284 1.1101056119429196 0.11943330216486937 1.466429210805808 2.8148893693957446 0.16403816804553473 -0.8219734925617681 -0.2535327707254716 -0.02338733042925903 0.2635906405091277 0.32155413992429815 0.41420784830372476 1.752124076773178 1.6439872040689048 -0.2516049742346091 0.2082500691841282 -0.23750486712714258 -0.6573763010611176 -1.299966628052428 -1.2052793598583686 -0.40054743103274093 0.8949017317185911 -1.8739015964585952 1.5863241138091329 0.4500453784919116 1.4362497735920527 1.0404750976005461 0.6267929128939994 0.23607094134572656 -0.49084187838684545 -0.22112465761639669 0.6844449282683717 -0.11869938554742014 0.2293474262645832 -1.4468513592123755 -0.47125414171694635 -0.196690324464413 -1.5042342822175794 1.5237243795495181 -1.013751433610405 -0.8933680797300491 -0.08032450362328868 0.27947854069586403 0.2210497438845192 0.4150329538346656 0.30996630052011076 -0.41576805143622253 -0.11280375498135323 -0.10056201741940851 0.43017147865440786 -1.5596948922565674 1.4600097319245644 -1.634161659870507 1.1126127001005846 0.3646402761565866 -0.6541809063647923 -0.35218573139494963 0.5714816930506254 0.674574202075995 1.2747914836955145 0.7084203215904291 -1.6017176001131594 -1.548398253417853 0.35638508423471693 -0.9498217925933274 
-0.7928214301878419 0.9792274795288964 -0.996934389108671 0.5617095248330402 1.184847416167389 -1.0294392350775936 1.473469064154421 0.0 -0.8601142804035398 -1.3561029927049983 -0.07964719719728572 0.14085196461032048 0.1756599873891247 -0.21546220423610926 0.17154457933909006 0.025925173189454732 0.34195188577872476 -0.7008622020070703 -1.312539238620478 0.2299435733584451 -1.4880902234853246 -1.046671270199375 0.16067355794219026 -0.9509908881363461 0.40758098796678943 -0.7634677079212204 0.6520234152709942 0.45898119536951626 0.26776335919565025 -1.2770398491593797 -0.9215880402769114 -0.16252614269248322 -0.23278486154827485 1.8130455361247162 0.17187258313766987 -0.09696818586048607 1.232482930816399 -1.2058468712985853 -0.6971087053683371 0.04553981405556914 -0.8904997032982123 0.4289351218563244 -1.6334135632250528 0.9959780937923673 -1.1304731255876201 -1.7389591893114684 -1.3926193121430888 -1.4791432063235288 2.4016130929071062 -0.784039740619735 -1.2202109257519387 0.49683464718208514 0.24564861062519955 -0.2464398452256613 -0.2900079668650392 -0.17168448869894856 0.008575828024926483 -0.7971844078624845 1.3004610067247904 -0.32707912337767814 0.5661197976794373 0.06809949529757814 1.3219822273221256 0.30671375580204124 -0.9401530647018764 0.2552189625784108 -1.234964373306348 1.0734310126912625 -1.3644867245230787 -0.8159287898187664 1.0756797835040828 -0.5776457636199093 -1.0459067098640487 2.193844934876798 -0.23885767569657793 1.0699487360136766 -1.6080439470641177 -0.9968769592924638 -1.3834985624476088 -0.29067502303515796 -0.9349359178992496 -0.16720310072718292 -1.091203967940713 0.6905207767815708 -0.5219181758724118 1.0154256194412392 0.3916420209718688 -1.308855057602015 -1.4358611623851534 1.6776948557010527 -0.5229993160553217 0.25950014487035283 0.3514593240958738 -0.04838146009888431 2.2891908775951966 -0.6105677644757131 0.8098244184422921 0.18557920532408245 -0.3876941395421048 -2.063724420035054 
-1.567580961087785 -0.16539041975106702 -0.18323822944339466 -0.6412772582110697 -0.8161963406724656 -0.27757595288505243 1.8107171343421444 -0.8601142804035398 0.0 -0.6536795719864067 -1.026553828452804 -0.19481247263641466 -1.2021916611186152 0.7926940266029524 0.4143124139347493 0.9692254918712675 1.5405667264847671 0.353306231297135 0.21323577444128147 -0.08113542406898623 0.7180812039257991 -0.42892408583017355 -0.6831705742670231 -0.6992952286320331 -0.39437654273215283 -0.035012762212688724 1.133832127301988 -0.557068130270503 0.9355830058402018 1.2502149694592923 0.608478346210472 -1.3965931899063597 -0.04868655787088531 0.008765742349744343 -0.5383612469175927 -1.351700313348199 1.8820991980984552 2.0267392350843116 0.3222859935315645 -0.35407224418166283 -1.5601016550439104 2.3060060267584386 0.04549653939634724 -1.7060452298982882 1.0139917084867607 1.319889978722359 -0.9807036524922128 -0.14303071848478915 -0.6808817380379971 -0.8580359917353323 2.2791955309002985 0.9271802894909782 -1.0202890043750055 -0.48155847709146493 -0.21024054975318046 0.2174357057281613 -2.4719449130514684 -0.20989065412809563 0.9117585347054743 -1.072288219638193 -1.1411951127618498 1.9327993136866946 0.07529188306739959 -0.0947615473327315 0.6829492694672233 -0.1068893812603947 1.55698488295103 1.746981973883671 1.3738850850259803 -1.2154331327194239 0.09196762477642373 0.4191113569687171 0.2396601921577325 0.7718584824283959 0.32963140363902477 0.7985499890851617 -1.1833352027132693 -0.6319300080028138 0.28001928756862177 2.4208789903183505 0.8991368173194069 1.2398811727617405 -1.4441210818303911 -0.2149635634915033 -0.016832219481431633 0.8815358102896165 -0.11943048154735568 -0.4858926516223005 0.47413005755542376 -1.6766910721608448 0.08895598600027754 -0.16911157705497992 0.3843127585238753 -0.07344395689671732 -0.1007553893897954 -1.8920352623049628 0.3221612797665232 2.607415247503831 2.1818031653674463 1.3746417848949164 
0.3323754556770243 0.7143123291507423 -0.2106714010288604 1.4019945677506522 -0.05424276247628107 1.4365038080527233 0.8369148802622527 -1.3561029927049983 -0.6536795719864067 0.0 -0.7611990846959534 0.24274965860526412 -1.345514779598011 0.6163753945631395 -0.45671208950293574 0.3551936512398783 0.7026402921523492 -0.2979963423345782 -0.06181749171071995 -1.4985925124444863 -0.7508913789860536 -0.650402810139166 2.29846916733481 2.125421665632066 -0.35909628787554126 1.4241684974382194 -1.2289768897476017 1.1259561230269355 -0.004029925377872833 -0.8430986870020688 -0.732684409400295 -0.056579566509825464 -0.29648767265014214 0.22015362865076085 1.8644005141505104 1.535780350914263 -1.418510558282594 0.10659405058322803 0.09821582958724245 -0.4423031511433118 0.39614695164345104 0.6710764772686341 -0.4293244095826156 -1.001582144171446 0.047373328805503725 1.6496884212685525 -0.31972036643295143 0.5180096881821074 -0.8327798953280733 0.5269620336154726 -1.2161519640737195 -1.3964884104837345 -0.9680726256350726 0.5798385020677324 -1.8129965047553986 -1.5246316099930342 -0.5165803773173295 -1.400689383992151 -1.6073597126761716 0.8405884707834975 -2.2018577783241144 0.17509020451643983 0.5552752280564701 -1.2315066645243076 -1.0982476402815642 1.5103313004380643 -1.2338687808011817 -0.9361657044804215 0.5209674207181729 -0.796932927971006 1.833654418484246 0.4434021787449503 -1.4828473489301608 -0.4300925444473931 -1.054328138704579 -0.48759026257358334 1.4066207114099982 0.3368745415909715 -0.7203115040460827 -0.06551623252314107 0.4399562555295562 0.3079680811257412 1.49733147303414 2.0269601532183428 0.21308347044955955 -0.2721337290080259 0.7645223000140059 0.0880248275515725 -0.43930692401989707 -0.21934383177397632 -0.8346438697041505 -0.8675479093860994 0.21072490605379826 0.24677319663650948 0.8952239883589443 0.4670490363562092 -0.8247013191313746 0.3941927327543761 0.4654656430277257 0.40627807370617275 
-0.85991267055691 -0.9635120712591727 1.3837084192391715 1.9285872783226317 -1.2605811973361263 0.299207207474837 -0.03080784835382508 -0.07964719719728572 -1.026553828452804 -0.7611990846959534 0.0 0.2653865102797647 1.2292741572507617 -0.6030726583101514 -0.6970355251293305 0.9826848334491936 0.5009654085237938 -1.6124186338848863 1.3325708751013357 -0.7604113524310225 -2.128336856880364 -0.1765672755856076 0.4938157882517953 -0.6755339685778006 -1.415664044382798 -0.09020692105889475 1.1920429098043563 0.0995884373480567 -1.511925306340798 0.015314992985233795 -0.49290181241067477 1.6425236281333824 0.3270002466398772 0.46606143585911103 -0.6225074735820346 0.7683960572018077 0.8270284955789 -0.8792653685328995 -0.015125712138407542 -0.48715430542650556 -3.647335302868202 -1.1825982625842129 1.3029606313721078 -0.9257248926192656 -1.1258634831300105 -0.598213148711262 -0.5448102658983135 0.9850886574621615 -0.9488895908537417 0.1867876024547959 -0.23902689617465378 -1.121007475033879 -0.0827541237644681 0.20594156545773834 -2.6282610290794857 -0.08471145615378284 -0.5515532970595316 -1.195118584552203 0.339758191256464 -3.1320192086173275 2.1816800490202963 0.015689140343537158 1.6162576114205442 0.7218890339047903 0.97122519628996 2.281040023730984 -0.48062175329568924 -0.8001650185472382 -0.9378186498095603 1.52211732286402 0.8137078725606313 -1.1599797268431362 -0.6554175688420484 0.04372786734046274 -0.14103275609670443 0.6598672947355083 0.4116793163771752 0.15738682118494193 1.1309789621740045 -0.9056835473115569 -0.1794851563103932 -0.4663235168784948 -0.45005913704968653 1.8973518242855614 -0.27399558857108586 -0.3635075372293859 -0.1915263818093928 2.7483520633518816 -0.044186049881640016 2.1129666853235287 1.1545224071228868 -0.2657191914108457 -0.9514037453306394 -1.2276870503333865 -0.30567671798806073 1.0769499978150168 -0.18368631685651493 -0.23217046164072583 -1.2035511504641243 -1.058713077195723 
-0.5779752168303739 1.7304401446789277 1.016512342199686 -0.5722481754740668 -0.6938787048931759 -1.079060205709062 -0.48671164588202914 0.14085196461032048 -0.19481247263641466 0.24274965860526412 0.2653865102797647 0.0 0.49544956204169316 -1.4617604258665873 -0.7501172039808458 -0.5291421224623126 -1.6903612429069943 1.226359509692373 1.4003669041371785 1.307136908766363 0.9410502665380004 1.36158145061434 -0.13031593869896968 -0.3564739980313965 -0.6708717208884406 1.452226729400008 0.07481919292621268 -1.4433686782813866 0.994370755875683 1.1979127816025972 -0.2681135158136023 0.03591270081436521 -0.5873780371031937 -0.08356722148714228 -0.1312243861345688 -0.4545812761987494 2.1156743092728223 -0.4471499247846616 -2.2069365260079 0.7635801925300737 0.6723583579478222 -1.2854395483788892 0.7029250186535464 0.25724442694862654 -0.3825874392713309 0.8276528104353369 -1.664594888830669 0.335255895188126 0.7342476173095296 0.395067988423085 -1.184199834468792 -0.6562796465374731 2.654067124703617 -0.372705574329289 0.03710251211293049 -1.7021831109211096 -0.4766830698435805 0.05243487942777266 -0.8206917790387224 0.2583574159271923 -0.831106195283618 -2.1503935228816675 0.4159279579317897 0.899418348808194 3.9556847167636384 0.3269075408025883 -0.4709564204170709 -0.3207602836290349 -1.338759653940822 -1.6682743168382563 -1.0040886826401498 0.03814915031335537 0.22504720586017998 -0.007759978898467148 -0.05425972357549274 0.10904795397129309 1.1815958708816008 -0.2872523955364189 0.8323150070764228 1.7849328811473584 -1.2026135611520417 -1.2926448709313363 -1.8741067860211293 -0.047379224959805726 -1.063755120447961 1.1658193386116347 -0.9476563684274707 -0.6825042228695781 1.1706079280965795 0.7997609144927715 0.612230392181748 -0.34737671589064084 -0.9036701531942686 -0.07301981784296073 -1.9301229987246333 -0.20796798422264692 -2.2705237585890212 -0.1435953199096847 0.6920318453322548 1.9311658412991914 
-0.7560023779572027 0.08683771786557519 -1.3679407818216511 0.7274747268706352 1.2366408320028683 0.26699093065599366 0.40456140711529276 0.1756599873891247 -1.2021916611186152 -1.345514779598011 1.2292741572507617 0.49544956204169316 0.0 -1.2303620735341858 -1.852494613174911 0.724580468235746 -2.4898649569345324 -0.03883100220659534 0.4793453126538433 -1.2454458627186773 0.22503397021118246 1.7425443734751498 -0.2006156115862757 1.247562623623539 0.2573371058797819 1.1461283545707144 0.47951914604437396 -1.3261475493303645 0.16643998311326125 -1.0304149905650704 -1.2632646797468832 0.5303304993455387 -0.24457770346165963 0.02010589860620547 -0.1839573635256387 -1.4896940032510921 0.24324584692047663 -0.9246362045843118 -1.6593382625775117 0.8791625269006581 -0.022434120196955697 0.007758998256330026 -0.3557634488776407 1.2453704143763102 2.6636780977568715 0.6127543888852951 -2.498284708920318 0.5490711204769813 0.7457458539281547 -0.6652198747651811 -1.219220312564788 -0.10833631684662166 -1.841674311706215 -0.5690796190652069 1.5988008607210817 -2.6374908349870276 -0.6104078617360862 -0.13576796992438328 -0.6284013986240669 -0.9541104259756606 -1.1442268414237813 0.3780194836188707 -0.29590829101697963 -1.0309558306464037 -0.18551160010297676 -1.3438611436514523 2.1319909438104108 -0.3078857216484301 -0.41190198968336306 0.013483651326121194 -1.534670886143319 -2.0266350869382186 0.22803058959453462 0.8874751131326984 0.907491453151714 0.3327391634962633 1.9418335328594223 -0.5582099741895982 -0.30017012794029485 -0.5971199656964963 -0.7604425198866356 0.019991857746706983 -0.7952851763149211 -0.6871661765390026 -1.1625345022671039 -0.39489266006042273 -1.3095553349398963 -1.5891072257171042 -1.2043657184970504 -0.5798566552310277 -1.4455935697777293 -1.4969289403501789 -0.7562840918113796 1.2795718377472667 -0.6590514953102065 -0.07699696506147531 -0.09158764327419669 -0.25464022121379065 0.15601195104616938 -0.4417479806117092 
0.27715524700234156 2.2023839975783477 -0.6669126633794449 -2.3530283040091224 0.410227956674792 -0.31170343540341755 -0.08224162434045537 -0.21546220423610926 0.7926940266029524 0.6163753945631395 -0.6030726583101514 -1.4617604258665873 -1.2303620735341858 0.0 0.20568177873245214 -2.4418031852789133 1.2672088502124956 -0.7840026617003243 1.118937467046082 -1.4418969840489158 0.4810253181180664 1.0092022877628801 -0.06811465299619317 -0.479695256587964 -0.6527267663460949 0.6916602154043202 0.1955002441552918 1.1763762141918848 0.7054324125043767 -0.5120265764146732 1.24479586405675 -0.22564851554701698 1.471635771870304 -0.38251773331919003 -0.20045238459851508 -1.1539483177667498 -2.1582632809554942 0.6554758568881186 -1.053416305282049 -1.6367376786898418 1.2941232812146044 0.5318044643766111 0.17200740864621475 -0.4999829728666811 -0.22761353684288582 0.7134000506969921 0.9978466938967526 -0.5579459750148821 1.2125992532714354 0.43583915601994705 -0.03367023777884539 -0.4517514795765166 1.0416563192877046 0.6688912743593499 0.4065090151435992 0.0007732948339786914 -0.02757462512144714 -0.8143028725919256 -0.6346929342478165 0.7495713048595105 0.5906967147106583 -1.0363897758739902 -0.9944739987643911 0.8551954781728385 -0.6918315532255386 1.0246926993427559 0.3047766740604519 -0.006520753231112778 -1.985288912307997 0.06657107946218581 -0.6503067932746143 -0.1655651955533241 -1.7893374016352022 0.32850940546968255 0.16361230715782563 3.153457039618254 1.1854767050674169 -0.828721985031011 0.5670544480516402 1.288587172019852 -0.31938205012539794 0.4293741957132635 0.007197112483737928 -1.1921056773367786 -0.8319411896663497 -0.9026165628488916 -0.6075346410962701 -0.5012340812238452 0.1656843560202241 -0.17199041362017048 -1.130547671046105 0.08414919755588625 1.173434736531625 -0.8472052484117151 -0.9671852315962068 0.2430507587200097 1.9758627554318804 1.2549641980697201 -0.3225618129373993 -1.1002067933324375 
0.3075998181822565 0.658066517435114 -0.39204353524879804 -1.4494254723459938 -0.02838378998001929 -0.11894805055977006 -0.11889189083818734 0.17154457933909006 0.4143124139347493 -0.45671208950293574 -0.6970355251293305 -0.7501172039808458 -1.852494613174911 0.20568177873245214 0.0 -0.3328332274731478 -0.1936230069190884 0.2266335981333557 -0.5014568313871001 1.0493379131604403 -2.4188520603721666 -0.675196387528399 -0.3419447908140487 -0.0049450374723899355 0.38130605757055747 -0.3420505386519578 0.8045037647303203 -2.8452842017243074 0.8978409797646627 -0.618098124765744 0.4848976342190898 0.4891937571355075 0.4099307677187454 0.7693017514095243 -1.6790833295951986 0.4423060302440182 1.769886461015101 -1.3389422847554537 -1.0072260935007638 -1.601916382659629 -0.19897255832754726 -0.9127398037063672 -0.7986391383718157 -0.7149811065805092 0.8671723578624717 -2.1280870509859136 -0.9720519580436279 0.10146165488887453 1.3772918161121526 0.6525014086845937 0.9701138085996148 -1.3228467657462668 -1.2342257739564184 -0.21818761131460543 0.8575115763489433 0.3486516087458992 -0.012567073420363024 0.7561693351482826 0.7077670549253161 1.6867995160828912 1.1422857661388093 -0.26600631186019685 0.4716559158530724 0.06374355625324515 -0.49733159503575697 -0.959317124068934 -1.487384124419883 -1.0348843995982855 -0.20087638744370376 -0.7564620119187814 0.9401458634788185 -0.4311053087254137 0.810381049553339 0.6035633724247156 0.05701047362866927 -0.22439005004863882 1.3872993112615717 -0.4767531407511449 -1.8064836682496457 -0.36554569737672443 0.5383674217868147 -1.024455466746689 -1.0326499718355873 0.4777118148711898 -0.581377017486309 -0.04206492667904726 0.1472523103469293 -1.6690549144108617 1.4972007941982466 2.116755793222198 0.09659890933624159 0.5792039617713339 -0.24837837556620448 -0.7589109694919273 -0.46531221170068904 -1.7961587060536126 -1.0459190323910472 -0.6630949298320593 0.4434187199433005 0.04982034943310267 
1.1901728947193742 -0.5386181046271477 0.8277993908872869 0.5439883584248049 2.172404443286671 -1.6271846665858423 -0.9823038753160126 0.025925173189454732 0.9692254918712675 0.3551936512398783 0.9826848334491936 -0.5291421224623126 0.724580468235746 -2.4418031852789133 -0.3328332274731478 0.0 -1.1552000168801966 -0.5727715469208099 -1.5008433477370928 0.6238143321592498 -0.48605592613745546 1.567765822084094 0.17492264386575931 1.6413541171498407 0.12970519086387972 1.1673836186793025 -1.4054335231889563 0.5070100653537142 0.23830721896218648 0.2465728872413297 -1.4491602331544449 -0.47001169131367293 -1.8503905912406038 -1.6177246342985476 1.8468935491355274 -0.5796777444992538 -1.9375669409827605 0.6910605181698452 0.9751353325735151 0.11303817154250327 0.2709077459672578 -0.19747297079355966 -0.680987602113477 -0.3854179642350136 0.30520903611599187 -0.7192310803581433 0.8489851235893257 1.1546804523926961 0.6699785981865348 -0.44030747019783584 -0.926583141545812 0.4534842698155096 -0.5489616876894247 -1.0148304172132288 0.6299354893268321 -0.9915348972943134 -0.09684883988252024 -0.4193057010377747 -0.08900939431340228 0.18665500134963134 -0.33952684606647 -0.4775505184569479 0.6202014244254388 -0.5199275203819652 0.3581285909268752 -0.2670670844327145 0.22462100508318616 -0.5985597458473806 0.49289155360382 -2.290953954352889 -0.08217014921093685 -0.1979050349717793 -0.9766759550406201 0.05573878119168512 0.7295838825996328 0.4781235532493758 -0.4961582886076894 -0.5519728194526093 0.7815178285717682 0.24606598108375918 0.3070292581357205 0.2527339901053963 -0.33041164546052054 0.20021208721484024 0.401907450654357 -0.37953076142659586 0.9643612068480333 0.4254664958594564 -0.15342848106343907 1.1508009462017121 1.0867128456860657 0.8639712851530871 -1.029639473480986 0.5076710382781957 -0.6546913012400817 -0.40971805488403035 -1.743363136990953 -0.8623819849323631 -1.541413290699347 -0.33641187089199326 
1.032155306562138 0.8225529614046226 0.030004932638297108 -1.7033417846140566 -1.0702000278595203 0.696425254679348 -1.0084844742249721 0.34195188577872476 1.5405667264847671 0.7026402921523492 0.5009654085237938 -1.6903612429069943 -2.4898649569345324 1.2672088502124956 -0.1936230069190884 -1.1552000168801966 0.0 0.42848905313648106 1.1961256195924694 0.44031647250827993 1.9295430766317014 0.05211681721840969 0.5853583895654687 -1.175797463798685 -0.35872504066786826 1.0874596368808385 1.4907876247692264 0.5341659317261876 -1.0704706784949924 -0.3538150842420924 0.8247023038245982 0.9097019567990648 -0.964118597694888 -0.04374030161464477 -0.32136370232093775 1.1241375140418848 1.4527702088934973 0.6334299737151488 0.4845964961284445 -0.7791175774468063 -1.5118916012337689 -0.42118168539263884 -0.06046042574935342 -0.252556983149896 -0.09611121773854212 1.9102261623925916 1.276451581481079 2.3942170885419447 0.5872142764941942 -0.5795458539591021 -0.07286415992917203 -0.7968073575745713 -0.48176172285086594 1.8750220834499496 0.30266477969584477 -1.049789506406254 -0.4629631340420035 0.9888700945565181 -0.27876670714572926 -0.7146699528048728 0.026893296920026736 0.23371731811630864 -0.4677449179336571 0.6551423441813383 -0.3226701474044729 -0.40522592425942755 1.314707256128124 -2.294610179586484 -1.1280351230435017 1.0714149008919727 -0.26286649196576695 0.9155950069628632 1.5777786014160036 1.0373603588522418 1.036294745191319 0.4208949983915325 0.08013845079206634 -0.17846723650885538 -0.9236472768399364 -0.2650013615785518 -0.893591082362535 -0.02762506264098321 -1.989269563145011 0.49364879749831275 -1.9191571169144082 -0.1696638153444898 -0.37864570069411324 0.9038687088816793 0.4300714824159239 3.0580707329581895 1.8122858016289864 0.3795852310592601 -0.6231507846439815 -0.6052541199356619 -0.9662034975937838 0.6237747106018906 -1.3538335716275725 0.3903259618522462 1.5043154590274201 -0.34163225864052027 
-0.47504709508093096 1.2744839537659425 -0.3221755548284979 -1.445878483612886 0.03431416985859222 0.5547265798965393 -0.8162186066656437 -0.7008622020070703 0.353306231297135 -0.2979963423345782 -1.6124186338848863 1.226359509692373 -0.03883100220659534 -0.7840026617003243 0.2266335981333557 -0.5727715469208099 0.42848905313648106 0.0 1.5297473329761981 0.8229639201791661 0.6791140660346879 0.4622821531286263 0.13853042676336702 0.5661965959965164 -0.6185503729787157 0.8980187704665773 0.6649415836866974 -0.24917158486625243 0.7818252839044294 1.247811147585034 -1.1291792329393031 -1.3890316883492808 -1.1098394847986834 1.0675153911871471 -0.977936354657224 0.9785868475844828 -0.3495250604768273 -0.18236818905474847 -0.868966635751285 -0.750900295240611 0.3862204583209615 0.48403724563983647 0.18274582750892662 0.3142254030961432 -0.9641764194924 -0.20229292917488872 1.9410366628778224 0.10442190346445443 -1.28598668307073 -0.6835935069200698 -0.8227217574804582 -0.17865295242270085 -0.5688153073987877 -1.2787168592880676 -0.7052395897675305 1.1196841332506702 -0.6904295081190968 -0.4173795557955127 2.048457414859437 -1.1385486014800945 -0.20815522497783856 0.8856808021703761 1.1117928342151346 0.7173676492697973 -1.9507186792030773 1.250467197103662 -1.4950284570208885 0.32898842728468 -2.3368593729418334 -0.5961066195481515 -1.5614939547309066 0.6440549966363812 0.12187789925686796 1.3390743274527845 1.1097161128381627 -1.5633308711313783 0.7675783952763243 -0.09253213811973326 0.24785611921742254 0.1421592772560923 1.3249014586225865 -1.839187336522069 0.9037191381942303 -0.6220945912746807 0.3178568093511857 -0.669200375664543 0.8450443483829587 0.26426513052203054 0.18591080488413952 -0.016141572825848934 0.219304110263961 -0.44722162400874127 2.547006035060672 0.020007527558530754 0.47410834997669976 0.8718443110500943 0.21872257596306002 -0.11647924894911688 -1.4482846252712578 0.07256017753869509 
1.0674802010903395 0.696209225666296 1.286716347547284 -0.6092451115150358 -0.20654182763472995 -0.899068709863343 -0.7520247008252909 -1.312539238620478 0.21323577444128147 -0.06181749171071995 1.3325708751013357 1.4003669041371785 0.4793453126538433 1.118937467046082 -0.5014568313871001 -1.5008433477370928 1.1961256195924694 1.5297473329761981 0.0 0.543033481049307 1.6850691187582678 1.788890685818313 -0.3796614345000681 -0.05792363407976733 1.3365881690803585 0.8130705511197329 1.1996928256425103 0.2659981101297056 -0.533846539277323 0.06258068269220299 -1.075525641527179 -0.28597027423032334 2.270836111332158 0.27962564624934044 -0.3035169552452133 0.5648396901006099 1.023475029810645 -0.31111301006879255 0.23444936325107651 0.8781123319255489 0.7253940300095704 0.6189598832787547 -1.0202048460737858 0.011030027070769782 -1.456262711483243 1.503246209240919 1.4114046939342049 -1.566675624368262 2.3024559734876795 0.7255718483403012 1.2303637961953255 -0.5524886240239918 0.06967406141575183 0.8323209130955093 0.39253696504801855 -0.43981557816716815 0.5621048325897386 0.7442260822750048 0.39723667916887007 -0.15853589357623774 0.02731021328901414 -0.2808480132567156 -2.0277112995753033 0.8123026180765454 0.6958781581030442 -1.8408129565135558 0.23641270346308266 1.0861150300603601 -0.18735106676706134 0.5952597434236475 0.7832576388937813 0.6721327874484959 -0.8161052522388 0.7315806410757572 0.5849287289040396 -0.7343901216196022 0.6149125176342481 0.8932975572621479 0.667326633504528 -0.5409810033873427 -0.9493823806297609 0.685941993874757 0.003251567420115008 -0.5910722786687036 -1.6920175317285595 0.7535572936630293 -1.2615605918263224 0.17570656886670868 -0.23559624142427701 0.37931880218062025 -0.968577699512053 -0.8250383256566431 0.26704279950849125 0.6248053195222021 -0.07500536810716442 0.19667543480642363 1.1112056131320291 0.3803453130327903 -0.6088962608849965 0.03504308176574273 
-1.0933438754098934 0.5752821309144496 -1.5925124723168946 -1.114389360972144 -0.4119401839342067 -1.1624159029544885 -1.5558467765941772 0.2299435733584451 -0.08113542406898623 -1.4985925124444863 -0.7604113524310225 1.307136908766363 -1.2454458627186773 -1.4418969840489158 1.0493379131604403 0.6238143321592498 0.44031647250827993 0.8229639201791661 0.543033481049307 0.0 1.42927135220906 2.076830814717543 -1.68904762822672 1.2126340430655047 -0.07963996080538348 -0.17596671622379628 0.7912013625635985 0.15649788121708644 -0.7281199637390683 -0.09409695814628376 -0.5653366003873249 -0.414053943843594 -0.13463567701827264 -0.5563776862385742 -0.2805642973350746 0.3242534585929299 0.5377924845267024 0.873838399222696 -0.20566159798121322 0.4496076882375277 1.292823753934863 0.8059230078353308 -0.15754267308370684 -0.14284929435834157 0.9915117720010296 -1.4120855340104448 0.10852816661271734 0.7553549106693255 -0.4663378950462354 0.16191144490668832 -0.15379908100583214 -1.636891900692451 0.12860031103110306 0.670200670360831 0.08998139651315011 1.1855064200245877 2.6803038195770292 -0.8501953570555427 0.543257026184921 0.1753220152715616 -1.5699293917294808 1.2429859096391371 1.0020952751071504 -0.5632704140263629 -1.359540900048586 0.5232199947017806 1.3483449512432673 -1.4019195381853091 -1.1576464341792068 -0.604848000327278 0.4453908612253516 -1.4677634042283447 0.18201401733047745 -0.5475152545437603 1.9943466025621166 -0.9196766906383944 -0.5405945263121145 0.4403523444387459 -0.8906519123692724 1.6448025734967324 -0.39167319543354057 0.9046744312811975 -0.49206730916690383 -0.7227431808375978 0.4847008860694999 1.9092326681802028 -0.5501023588644335 -0.6941669242443249 -1.3860979589599556 -0.21610883776227413 0.2202370580586427 -0.8152851466130541 -0.30301899737312055 1.002276652875277 -0.533639888807842 -0.15478035347044433 -2.2954901768646105 0.3491201416214615 -0.3307586381251046 1.0632773616218305 
